function dx = autoGen_dyn_B_com(px,py,pz,vx,vy,vz,qw,qx,qy,qz,wx,wy,wz,u1,u2,u3,u4)
%AUTOGEN_DYN_B_COM
%    DX = AUTOGEN_DYN_B_COM(PX,PY,PZ,VX,VY,VZ,QW,QX,QY,QZ,WX,WY,WZ,U1,U2,U3,U4)

%    This function was generated by the Symbolic Math Toolbox version 8.4.
%    29-Oct-2019 09:02:25

t2 = u1+u2+u3+u4;
t3 = sqrt(2.0);
dx = [vx;vy;vz;t2.*(qw.*qy.*(1.0e+2./4.1e+1)+qx.*qz.*(1.0e+2./4.1e+1));-t2.*(qw.*qx.*(1.0e+2./4.1e+1)-qy.*qz.*(1.0e+2./4.1e+1));t2.*(qw.^2.*(5.0e+1./4.1e+1)-qx.^2.*(5.0e+1./4.1e+1)-qy.^2.*(5.0e+1./4.1e+1)+qz.^2.*(5.0e+1./4.1e+1))-9.8066;qx.*wx.*(-1.0./2.0)-(qy.*wy)./2.0-(qz.*wz)./2.0;(qw.*wx)./2.0+(qy.*wz)./2.0-(qz.*wy)./2.0;(qw.*wy)./2.0-(qx.*wz)./2.0+(qz.*wx)./2.0;(qw.*wz)./2.0+(qx.*wy)./2.0-(qy.*wx)./2.0;t3.*u1.*1.706059859628645e+1+t3.*u2.*1.706059859628645e+1-t3.*u3.*1.706059859628645e+1-t3.*u4.*1.706059859628645e+1-wx.*wz.*7.662902984378613e-36-wy.*wz.*9.849216804787104e-1;t3.*u1.*(-1.706059859628644e+1)+t3.*u2.*1.706059859628644e+1+t3.*u3.*1.706059859628644e+1-t3.*u4.*1.706059859628644e+1+wx.*wz.*9.849216804787104e-1+wy.*wz.*7.662902984378613e-36;u1.*1.964594085393047-u2.*1.964594085393047+u3.*1.964594085393047-u4.*1.964594085393047-(wx.*wy)./1.173699455962871e+16+wx.^2.*2.560336277244435e-34-wy.^2.*2.560336277244435e-34];
